564	
395	
228	
150	
59	
135	
47	
57	
102	
93	
35	
39	
78	
58	
24	
82	
45	
17	
17	
21	
16	
18	
36	
36	
14	
55	
15	
12	
11	
27	
26	
14	
25	
10	
10	
10	
10	
12	
12	
12	
9	
9	
39	
22	
38	
20	
8	
8	
33	
9	
9	
9	
9	
9	
9	
9	
9	
9	
9	
18	
18	
18	
18	
18	
18	
31	
7	
7	
17	
29	
15	
15	
6	
6	
6	
6	
6	
14	
14	
14	
14	
23	
13	
5	
5	
5	
5	
5	
5	
5	
5	
5	
6	
6	
6	
6	
6	
6	
6	
6	
6	
6	
6	
6	
6	
6	
6	
6	
6	
6	
6	
6	
6	
6	
6	
21	
12	
12	
12	
19	
19	
19	
18	
18	
18	
18	
10	
10	
10	
10	
4	
4	
4	
4	
4	
4	
4	
4	
4	
17	
9	
9	
9	
9	
9	
9	
9	
9	
9	
9	
9	
9	
9	
9	
9	
9	
15	
8	
8	
8	
8	
8	
8	
8	
8	
8	
8	
8	
8	
8	
8	
8	
8	
8	
8	
8	
8	
8	
8	
3	
3	
3	
3	
3	
3	
3	
3	
3	
3	
3	
3	
3	
3	
3	
3	
3	
3	
3	
3	
13	
13	
13	
13	
13	
13	
13	
13	
13	
12	
12	
12	
12	
12	
12	
12	
11	
11	
11	
11	
11	
11	
11	
11	
11	
11	
3	
3	
3	
3	
3	
3	
3	
3	
3	
3	
3	
3	
3	
3	
3	
3	
3	
3	
3	
3	
3	
3	
3	
3	
3	
3	
3	
3	
3	
3	
3	
3	
3	
3	
3	
3	
3	
3	
3	
3	
3	
3	
3	
3	
3	
3	
3	
3	
3	
6	
6	
6	
6	
6	
6	
6	
6	
6	
6	
6	
6	
6	
6	
6	
6	
6	
6	
6	
6	
6	
6	
6	
6	
6	
6	
6	
6	
6	
6	
6	
6	
6	
6	
6	
6	
6	
6	
9	
9	
9	
9	
9	
9	
9	
9	
9	
9	
9	
9	
9	
9	
9	
9	
9	
9	
9	
9	
9	
9	
9	
9	
9	
9	
2	
2	
2	
2	
2	
2	
2	
2	
2	
2	
2	
2	
2	
2	
2	
2	
2	
2	
2	
2	
2	
2	
2	
2	
2	
2	
2	
2	
2	
2	
2	
2	
2	
2	
2	
2	
2	
2	
2	
2	
2	
2	
2	
2	
2	
2	
2	
2	
2	
2	
2	
2	
2	
2	
2	
2	
2	
8	
8	
8	
8	
8	
8	
8	
8	
8	
8	
8	
4	
4	
4	
4	
4	
4	
4	
4	
4	
4	
4	
4	
4	
4	
4	
4	
4	
4	
4	
4	
4	
4	
4	
4	
4	
4	
4	
4	
4	
4	
4	
4	
4	
4	
4	
4	
4	
4	
4	
4	
4	
4	
4	
4	
4	
4	
4	
4	
4	
4	
4	
4	
4	
4	
4	
4	
4	
4	
4	
4	
4	
4	
4	
4	
4	
4	
4	
4	
4	
4	
4	
4	
4	
4	
4	
4	
4	
4	
4	
4	
4	
4	
4	
4	
4	
4	
4	
4	
4	
4	
4	
4	
4	
4	
4	
4	
4	
4	
4	
4	
4	
4	
4	
4	
4	
4	
4	
4	
4	
4	
4	
4	
4	
4	
4	
4	
4	
4	
4	
4	
4	
4	
4	
4	
4	
4	
4	
4	
4	
4	
4	
4	
4	
4	
4	
4	
4	
4	
4	
4	
4	
4	
4	
4	
4	
4	
4	
4	
4	
4	
4	
4	
4	
4	
3	
3	
3	
3	
3	
3	
3	
3	
3	
3	
3	
3	
3	
3	
3	
3	
3	
3	
3	
3	
3	
3	
3	
3	
3	
3	
3	
3	
3	
3	
3	
3	
3	
3	
3	
3	
3	
3	
3	
3	
3	
3	
3	
3	
3	
3	
3	
3	
3	
3	
1	
1	
1	
1	
1	
1	
1	
1	
1	
1	
1	
1	
1	
1	
1	
1	
1	
1	
1	
1	
1	
1	
1	
1	
1	
1	
1	
1	
1	
1	
1	
1	
1	
1	
1	
1	
1	
1	
1	
1	
1	
1	
1	
1	
1	
1	
1	
1	
1	
1	
1	
1	
1	
1	
1	
1	
1	
1	
1	
1	
1	
1	
1	
1	
1	
1	
1	
1	
1	
1	
1	
1	
1	
1	
1	
1	
1	
1	
1	
1	
1	
1	
1	
1	
1	
1	
1	
1	
1	
1	
1	
1	
1	
1	
1	
1	
1	
1	
1	
1	
1	
1	
1	
1	
1	
1	
1	
1	
1	
1	
1	
1	
1	
1	
1	
1	
1	
1	
1	
1	
1	
1	
1	
1	
1	
1	
1	
1	
1	
1	
1	
1	
1	
1	
1	
1	
1	
1	
1	
1	
1	
1	
1	
1	
1	
1	
1	
1	
1	
1	
1	
1	
1	
1	
1	
1	
1	
1	
1	
1	
1	
1	
1	
1	
1	
1	
1	
1	
1	
1	
1	
1	
1	
1	
1	
1	
1	
1	
1	
1	
1	
1	
1	
1	
1	
1	
1	
1	
1	
1	
1	
1	
1	
1	
1	
1	
1	
1	
1	
1	
1	
1	
1	
1	
1	
1	
1	
1	
1	
1	
1	
1	
1	
1	
1	
1	
1	
1	
1	
1	
1	
1	
1	
1	
1	
1	
1	
1	
1	
1	
1	
1	
1	
1	
1	
1	
1	
1	
1	
1	
1	
1	
1	
1	
1	
1	
1	
1	
1	
1	
1	
1	
1	
1	
1	
1	
1	
1	
1	
1	
1	
1	
1	
1	
1	
1	
1	
1	
1	
1	
1	
1	
1	
1	
1	
1	
1	
1	
1	
1	
1	
1	
1	
1	
1	
1	
1	
1	
1	
1	
1	
1	
1	
1	
1	
1	
1	
1	
1	
1	
1	
1	
1	
1	
1	
1	
1	
1	
1	
1	
1	
1	
1	
1	
1	
1	
1	
1	
1	
1	
1	
1	
1	
1	
1	
4	
4	
4	
4	
4	
4	
4	
4	
4	
4	
4	
4	
4	
4	
4	
4	
4	
4	
4	
4	
4	
4	
4	
4	
4	
4	
4	
4	
4	
4	
4	
4	
4	
4	
4	
4	
4	
4	
4	
4	
4	
4	
4	
4	
4	
4	
4	
4	
4	
4	
4	
4	
4	
4	
4	
4	
4	
4	
4	
4	
4	
4	
4	
4	
4	
4	
4	
4	
4	
4	
4	
4	
4	
4	
4	
4	
4	
4	
4	
4	
4	
4	
4	
4	
4	
4	
4	
4	
4	
4	
4	
4	
4	
4	
4	
4	
4	
4	
4	
2	
2	
2	
2	
2	
2	
2	
2	
2	
2	
2	
2	
2	
2	
2	
2	
2	
2	
2	
2	
2	
2	
2	
2	
2	
2	
2	
2	
2	
2	
2	
2	
2	
2	
2	
2	
2	
2	
2	
2	
2	
2	
2	
2	
2	
2	
2	
2	
2	
2	
2	
2	
2	
2	
2	
2	
2	
2	
2	
2	
2	
2	
2	
2	
2	
2	
2	
2	
2	
2	
2	
2	
2	
2	
2	
2	
2	
2	
2	
2	
2	
2	
2	
2	
2	
2	
2	
2	
2	
2	
2	
2	
2	
2	
2	
2	
2	
2	
2	
2	
2	
2	
2	
2	
2	
2	
2	
2	
2	
2	
2	
2	
2	
2	
2	
2	
2	
2	
2	
2	
2	
2	
2	
2	
2	
2	
2	
2	
2	
2	
2	
2	
2	
2	
2	
2	
2	
2	
2	
2	
2	
2	
2	
2	
2	
2	
2	
2	
2	
2	
2	
2	
2	
2	
2	
2	
2	
2	
2	
2	
2	
2	
2	
2	
2	
2	
2	
2	
2	
2	
2	
2	
2	
2	
2	
2	
2	
2	
2	
2	
2	
2	
2	
2	
2	
2	
2	
2	
2	
2	
2	
2	
2	
2	
2	
2	
2	
2	
2	
2	
2	
2	
2	
2	
2	
2	
2	
2	
2	
2	
2	
2	
2	
2	
2	
2	
2	
2	
2	
2	
2	
2	
2	
2	
2	
2	
2	
2	
2	
2	
2	
2	
2	
2	
2	
2	
2	
2	
2	
2	
2	
2	
2	
2	
2	
2	
2	
2	
2	
2	
2	
2	
2	
2	
2	
2	
2	
2	
2	
2	
2	
2	
2	
2	
